2 0.1233974358974359 0.159375 0.24519230769230768 0.28671875
1 0.5408653846153846 0.32578125 0.004807692307692308 0.0390625
3 0.9179572752941687 0.20651531779386412 0.02618180376699268 0.04618551923729371
2 0.5408653846153846 0.21953125 0.004807692307692308 0.0328125
0 0.5408653846153846 0.38359375 0.004807692307692308 0.0265625
1 0.004807692307692308 0.50625 0.009615384615384616 0.075
3 0.01201923076923077 0.93515625 0.02403846153846154 0.0484375
4 0.0016025641025641025 0.8765625 0.003205128205128205 0.009375
2 0.30528846153846156 0.978125 0.03365384615384615 0.04375
1 0.5216346153846154 0.96171875 0.03365384615384615 0.0546875
0 0.6266025641025641 0.7296875 0.1762820512820513 0.540625
3 0.6330128205128205 0.7296875 0.1891025641025641 0.540625
2 0.6794871794871795 0.7296875 0.28205128205128205 0.540625
1 0.8533653846153846 0.7296875 0.2932692307692308 0.540625