2 0.054842582214719326 0.24423631905775042 0.06903800783478081 0.13173060124083733
1 0.3846830985915493 0.015625 0.01232394366197183 0.03125
1 0.6094100328650844 0.2200511480028581 0.02731603763747654 0.03277964901126431
2 0.801056338028169 0.0078125 0.028169014084507043 0.015625
0 0.38204225352112675 0.209375 0.007042253521126761 0.03125
3 0.38204225352112675 0.04140625 0.007042253521126761 0.0296875
0 0.07227437042050655 0.7562828509887357 0.05028423774384464 0.07616901609154336
0 0.5360915492957746 0.77578125 0.17869718309859156 0.12265625
3 0.5352112676056338 0.7703125 0.1892605633802817 0.13828125
2 0.579225352112676 0.76328125 0.23943661971830985 0.13046875
4 0.778169014084507 0.78046875 0.238556338028169 0.065625
1 0.8829225352112676 0.728125 0.23415492957746478 0.12890625