1 0.10628124746293519 0.1874111111784261 0.03406177907780635 0.046394838935304605
0 0.0019646365422396855 0.61015625 0.003929273084479371 0.0921875
3 0.0029469548133595285 0.6078125 0.005893909626719057 0.096875
2 0.0009823182711198428 0.609375 0.0019646365422396855 0.090625
4 0.0009823182711198428 0.640625 0.0019646365422396855 0.034375
1 0.0019646365422396855 0.609375 0.003929273084479371 0.09375
2 0.003929273084479371 0.1421875 0.007858546168958742 0.034375
4 0.28488896534564506 0.4738008918245045 0.025677438744232884 0.010202670950527093
1 0.8172888015717092 0.2921875 0.03536345776031434 0.153125
2 0.015405721181699005 0.8128647559314992 0.018321826124036093 0.04432300296574958
1 0.03570430236645255 0.7017508423953458 0.022136796129251363 0.03663783695813834
3 0.37089200866892075 0.6977623152464896 0.055718502274148554 0.050220175893442943
4 0.7642436149312377 0.98515625 0.023575638506876228 0.0296875
1 0.8919449901768173 0.9203125 0.18467583497053044 0.159375