1 0.18529411764705883 0.021875 0.1 0.04375
0 0.2006590791217445 0.12983981745008483 0.05254830829966585 0.05416212248901146
4 0.004901960784313725 0.00234375 0.00980392156862745 0.0046875
1 0.7754901960784314 0.09375 0.34705882352941175 0.1875
4 0.8911764705882353 0.04453125 0.21764705882352942 0.0890625
0 0.3993133738860151 0.787395592927763 0.09102803360511225 0.10398529258539461
3 0.3349994705687747 0.7807052222353414 0.10543970939747249 0.11144924497802293
2 0.270170928054323 0.7787023515429199 0.07303788198344204 0.0992994966520154
4 0.20681341834277617 0.8075159264245599 0.0789700102974001 0.047215027274268094
1 0.16476632734838245 0.7748725880283835 0.08335644274928079 0.10485410550389247
2 0.008823529411764706 0.28359375 0.01764705882352941 0.0390625
0 0.00980392156862745 0.56015625 0.0196078431372549 0.0453125